
11 23 0
5 2 -268000
3 2 -268000
6 9 -402000
5 10 -268000
8 13 2147453372
10 17 -134000
8 17 -134000
9 19 0
10 21 0
2 13 -258
2 15 -258
2 14 -241
3 16 -115
4 15 -241
3 13 -241
3 15 -241
4 13 -241
1 14 -241
3 14 -241
2 16 -98
4 16 -98
5 15 -115
1 15 -98
3 12 -15213
1 13 -98
7 12 -121
10 13 -29952
10 11 -14996
8 12 -139
9 13 -86
11 12 -103
9 12 -15063
11 13 -139
11 11 -103
10 10 -139
10 12 -103
8 11 -86
9 14 -86
10 14 -139
7 13 -86
11 14 -29908
9 10 -15041
7 10 -15019
6 11 -29885
7 14 -15063
6 14 -103
7 15 -121