
12 0 0
13 2 0
10 1 -84228
12 5 -377906
10 5 -346118
12 9 -168457
10 9 -203456
12 13 -168457
10 13 -168457
12 17 -168457
10 17 -168457
12 21 -168457
10 21 -168457
4 10 -2107
2 11 -2138
2 10 -712
3 12 -712
4 11 -1425
3 9 -1425
3 11 -712
4 9 -1425
2 9 -712
1 10 -712
3 10 -712
2 12 -712
4 12 -712
5 11 -1425
1 12 -712
1 11 -712
2 13 -712
8 8 -2107
6 9 -2138
6 8 -712
7 10 -712
8 9 -1425
7 7 -1832
7 9 -1119
8 7 -1425
6 7 -712
5 8 -712
7 8 -712
6 10 -712
8 10 -1119
9 9 -1425
5 10 -712
4 8 -712
5 9 -712
6 11 -712
12 6 -2653
10 7 -2138
10 6 -712
11 8 -712
12 7 -3482
11 5 -712
9 6 -19725
11 6 -915
10 8 -712
12 8 -1853
13 7 -3685
9 8 -17944
8 6 -712
9 7 -712
16 6 -2543
14 7 -2769
14 6 -2769
15 8 -1140
16 7 -4500
15 5 -2972
15 7 -4907
16 5 -4500
13 6 -20770
15 6 -2972
14 8 -1140
16 8 -2871
17 7 -2871
13 5 -2769
15 4 -1140
18 7 -1933
20 7 -1710
19 9 -1710
18 8 -1730
19 6 -1933
19 8 -712
21 7 -3136
20 6 -712
18 6 -1730
19 7 -3136
17 8 -1730
18 9 -915
20 9 -3136
17 5 -1730
18 5 -1933
17 6 -1933
22 7 -1200
21 10 -1200
21 9 -997
22 11 -997
22 10 -997
21 8 -2423
22 9 -1200
21 11 -997
20 10 -997
19 10 -1200
20 11 -997
22 8 -997